[gd_scene load_steps=10 format=2]

[ext_resource path="res://scenes/LevelDecoration/Environment/Temple/BrokenPillarLaying.tscn" type="PackedScene" id=2]
[ext_resource path="res://scenes/LevelDecoration/Environment/Stones/Stone4.tscn" type="PackedScene" id=3]
[ext_resource path="res://scenes/LevelDecoration/Environment/Stones/Stone1.tscn" type="PackedScene" id=4]
[ext_resource path="res://scenes/LevelDecoration/Environment/Plants/VineLarge.tscn" type="PackedScene" id=5]
[ext_resource path="res://scenes/LevelDecoration/Environment/Temple/BuildingBlockMedium.tscn" type="PackedScene" id=6]
[ext_resource path="res://scenes/LevelDecoration/Environment/Stones/Stone3.tscn" type="PackedScene" id=7]
[ext_resource path="res://scenes/LevelDecoration/Environment/Plants/Bush.tscn" type="PackedScene" id=8]
[ext_resource path="res://scenes/LevelDecoration/Environment/Plants/MushroomSmall.tscn" type="PackedScene" id=9]
[ext_resource path="res://scenes/LevelDecoration/Environment/Plants/Plant8Blue.tscn" type="PackedScene" id=10]

[node name="BrokenTempleLayingSet1" type="Spatial"]

[node name="Bush25" parent="." instance=ExtResource( 8 )]
transform = Transform( 1.008, 0, 0, 0, 1.008, 0, 0, 0, 0.96, -0.192869, 0.3, 9.9 )

[node name="Stone4" parent="." instance=ExtResource( 3 )]
transform = Transform( 1, 0, 1.63913e-07, 0, 1, 0, -1.63913e-07, 0, 1, 0.880404, -1.10785, 7.55891 )

[node name="Stone6" parent="." instance=ExtResource( 3 )]
transform = Transform( 0.999999, 0, 1.49011e-07, 0, 1, 0, -1.49011e-07, 0, 0.999999, 1.99078, -1.13329, 9.56664 )

[node name="Stone5" parent="." instance=ExtResource( 3 )]
transform = Transform( -0.500001, 0, 0.866026, 0, 1, 0, -0.866026, 0, -0.500001, -1.00227, -1.07963, 8.06334 )

[node name="Stone1" parent="." instance=ExtResource( 4 )]
transform = Transform( 1, 0, 1.49012e-07, 0, 1, 0, -1.49012e-07, 0, 1, 3.2056, -1.21433, 7.34999 )

[node name="Plant8Blue14" parent="." instance=ExtResource( 10 )]
transform = Transform( -0.241481, 0, -0.0647047, 0, 0.25, 0, 0.0647047, 0, -0.241481, -5.94287, -1, 6.5 )

[node name="BrokenPillarLaying" parent="." instance=ExtResource( 2 )]
transform = Transform( 0.866025, 0, 0.5, 0, 1, 0, -0.5, 0, 0.866025, -2.84286, -1.14098, 7.7 )

[node name="BuildingBlockMedium" parent="BrokenPillarLaying" instance=ExtResource( 6 )]
transform = Transform( 0.692821, 0, -0.4, 0, 0.8, 0, 0.4, 0, 0.692821, 0.473203, -1, -0.419616 )

[node name="Stone3" parent="BrokenPillarLaying" instance=ExtResource( 7 )]
transform = Transform( 1, 0, 0, 0, 1, 0, 0, 0, 1, -2.36501, -0.1, -0.903595 )

[node name="Stone4" parent="BrokenPillarLaying" instance=ExtResource( 7 )]
transform = Transform( -2.98023e-08, 0, -1, 0, 1, 0, 1, 0, -2.98023e-08, -1.23915, -0.1, -0.253601 )

[node name="VineLarge" parent="." instance=ExtResource( 5 )]
transform = Transform( 0.604333, 0.00987128, 0.796671, -0.0282167, 0.999561, 0.00901917, -0.796232, -0.02793, 0.604346, -3.20286, -4.08, 5.60001 )

[node name="MushroomSmall6" parent="." instance=ExtResource( 9 )]
transform = Transform( -4.37114e-08, 0, -1, 0, 1, 0, 1, 0, -4.37114e-08, -4.21865, 2.5, 8.52609 )

[node name="MushroomSmall7" parent="." instance=ExtResource( 9 )]
transform = Transform( -0.494975, 0, -0.494975, 0, 0.7, 0, 0.494975, 0, -0.494975, -3.81866, 2.5, 8.52609 )

[node name="MushroomSmall8" parent="." instance=ExtResource( 9 )]
transform = Transform( -0.494975, 0, -0.494975, 0, 0.7, 0, 0.494975, 0, -0.494975, -3.81866, 2.8, 10.1261 )

[node name="VineLarge2" parent="." instance=ExtResource( 5 )]
transform = Transform( -0.919218, -0.393749, 1.17346e-08, 0.0153624, -0.0358639, -0.999238, 0.39345, -0.918518, 0.0390157, -0.418647, 2.5, 11.0778 )

[node name="VineLarge4" parent="." instance=ExtResource( 5 )]
transform = Transform( 0.391152, -0.164205, -0.150121, 0.010883, 0.317394, -0.318814, 0.222219, 0.273491, 0.279859, -0.318656, 0.299999, 3.87777 )

[node name="Plant8Blue3" parent="." instance=ExtResource( 10 )]
transform = Transform( -0.12941, 0, -0.482963, 0, 0.5, 0, 0.482963, 0, -0.12941, 5.00878, -1, 4.60842 )

[node name="Bush21" parent="." instance=ExtResource( 8 )]
transform = Transform( 1.62276, 0, -0.439992, 0, 1.68, 0, 0.434816, 0, 1.64207, -6.70583, -4.5, 11.1 )
