[gd_scene load_steps=13 format=2]

[ext_resource path="res://scenes/LevelGeometry/FloorTriple.tscn" type="PackedScene" id=1]
[ext_resource path="res://scenes/LevelDecoration/Environment/Plants/GrasHigh.tscn" type="PackedScene" id=2]
[ext_resource path="res://scenes/LevelDecoration/Environment/Plants/GrasLarge.tscn" type="PackedScene" id=3]
[ext_resource path="res://scenes/LevelDecoration/Environment/Plants/Gras1.tscn" type="PackedScene" id=4]
[ext_resource path="res://scenes/LevelDecoration/Environment/Temple/TempleStoneSmall.tscn" type="PackedScene" id=5]
[ext_resource path="res://scenes/LevelDecoration/Environment/Plants/WeirdPlant.tscn" type="PackedScene" id=6]
[ext_resource path="res://scenes/LevelDecoration/Environment/Plants/Plant8Blue.tscn" type="PackedScene" id=7]
[ext_resource path="res://scenes/LevelDecoration/Environment/Temple/BrokenTemplePiece.tscn" type="PackedScene" id=8]
[ext_resource path="res://scenes/LevelDecoration/Environment/Plants/MushroomBig.tscn" type="PackedScene" id=9]
[ext_resource path="res://scenes/LevelDecoration/Environment/Plants/MushroomSmall.tscn" type="PackedScene" id=10]
[ext_resource path="res://scenes/LevelDecoration/Environment/Plants/Bush.tscn" type="PackedScene" id=11]
[ext_resource path="res://scenes/LevelDecoration/Environment/Plants/GrasMushroom.tscn" type="PackedScene" id=12]

[node name="NatureSet1" type="Spatial"]

[node name="FloorTriple40" parent="." instance=ExtResource( 1 )]
transform = Transform( 1, 0, 0, 0, 1, 0, 0, 0, 1, 9, -2.3, 0 )

[node name="FloorTriple41" parent="." instance=ExtResource( 1 )]
transform = Transform( 1, 0, 0, 0, 1, 0, 0, 0, 1, 3.09944e-06, -2.3, 0 )

[node name="FloorTriple42" parent="." instance=ExtResource( 1 )]
transform = Transform( 1, 0, 0, 0, 1, 0, 0, 0, 1, -9, -2.3, 0 )

[node name="MushroomBig2" parent="." instance=ExtResource( 9 )]
transform = Transform( 1, 0, 0, 0, 1, 0, 0, 0, 1, -10.7, 6.70552e-07, 4.1 )

[node name="MushroomSmall3" parent="." instance=ExtResource( 10 )]
transform = Transform( 1, 0, 0, 0, 1, 0, 0, 0, 1, -10.4, 6.70552e-07, 4.3 )

[node name="GrasMushroom2" parent="." instance=ExtResource( 12 )]
transform = Transform( 1, 0, 0, 0, 1, 0, 0, 0, 1, -11.6, 0.100001, 4.1 )

[node name="BrokenTemplePiece" parent="." instance=ExtResource( 8 )]
transform = Transform( 0.707107, 0, -0.707107, 0, 1, 0, 0.707107, 0, 0.707107, 6, -0.0999997, 5.6 )

[node name="TempleStoneSmall" parent="." instance=ExtResource( 5 )]
transform = Transform( 1, 0, 0, 0, 1, 0, 0, 0, 1, 3, 6.70552e-07, 6 )

[node name="WeirdPlant" parent="." instance=ExtResource( 6 )]
transform = Transform( 1, 0, 0, 0, 1, 0, 0, 0, 1, -2.19999, 0.100001, 7.6 )

[node name="WeirdPlant2" parent="." instance=ExtResource( 6 )]
transform = Transform( -2.18557e-08, 0, -0.5, 0, 0.5, 0, 0.5, 0, -2.18557e-08, -3.69999, 0.100001, 9 )

[node name="Plant8Blue6" parent="." instance=ExtResource( 7 )]
transform = Transform( 1, 0, 0, 0, 1, 0, 0, 0, 1, 8.60001, 0.100001, 4.2 )

[node name="Plant8Blue7" parent="." instance=ExtResource( 7 )]
transform = Transform( -0.12941, 0, -0.482963, 0, 0.5, 0, 0.482963, 0, -0.12941, 10.3, 0.100001, 5.5 )

[node name="Plant8Blue8" parent="." instance=ExtResource( 7 )]
transform = Transform( -0.0776457, 0, -0.289778, 0, 0.3, 0, 0.289778, 0, -0.0776457, 6.30001, 0.100001, 9.1 )

[node name="Plant8Blue9" parent="." instance=ExtResource( 7 )]
transform = Transform( -0.0776457, 0, -0.289778, 0, 0.3, 0, 0.289778, 0, -0.0776457, -12, 0.100001, 3.3 )

[node name="Gras10" parent="." instance=ExtResource( 4 )]
transform = Transform( 0.7, 0, -1.21244, 0, 1.4, 0, 1.21244, 0, 0.7, -8, 0.100001, 4.7 )

[node name="Gras11" parent="." instance=ExtResource( 4 )]
transform = Transform( 1.08184, 0, 0.289877, 0, 1.12, 0, -0.289877, 0, 1.08184, -8.39999, 0.100001, 5.4 )

[node name="GrasHigh3" parent="." instance=ExtResource( 2 )]
transform = Transform( -0.5, 0, -0.866025, 0, 1, 0, 0.866025, 0, -0.5, -9.3, 6.70552e-07, 4.7 )

[node name="Bush8" parent="." instance=ExtResource( 11 )]
transform = Transform( 1, 0, 0, 0, 1, 0, 0, 0, 1, 2.55001, 0.7, 9.7 )

[node name="Bush9" parent="." instance=ExtResource( 11 )]
transform = Transform( 1.68, 0, 0, 0, 1.68, 0, 0, 0, 1.5, 14.15, 0.7, 8.3 )

[node name="Bush6" parent="." instance=ExtResource( 11 )]
transform = Transform( 1.68, 0, 0, 0, 1.68, 0, 0, 0, 1, -9.85, 0.7, 7.3 )

[node name="Gras1" parent="." instance=ExtResource( 4 )]
transform = Transform( 1, 0, 0, 0, 1, 0, 0, 0, 1, -0.8, 0.1, 6.7 )

[node name="Gras2" parent="." instance=ExtResource( 4 )]
transform = Transform( 1, 0, 0, 0, 1, 0, 0, 0, 1, 4.9, 0.1, 8.2 )

[node name="Gras3" parent="." instance=ExtResource( 4 )]
transform = Transform( 0.5, 0, -0.866025, 0, 1, 0, 0.866025, 0, 0.5, 7.5, 0.1, 5.8 )

[node name="Gras4" parent="." instance=ExtResource( 4 )]
transform = Transform( 0.5, 0, -0.866025, 0, 1, 0, 0.866025, 0, 0.5, 10.8, 0.1, 4 )

[node name="GrasLarge" parent="." instance=ExtResource( 3 )]
transform = Transform( 1, 0, 0, 0, 1, 0, 0, 0, 1, 0, 0.1, 5.9 )

[node name="GrasLarge2" parent="." instance=ExtResource( 3 )]
transform = Transform( 0.5, 0, -0.866025, 0, 1, 0, 0.866025, 0, 0.5, 3.9, 0.1, 7.1 )

[node name="GrasLarge3" parent="." instance=ExtResource( 3 )]
transform = Transform( 0.6, 0, -1.03923, 0, 1.2, 0, 1.03923, 0, 0.6, 7.1, 0.1, 7.8 )

[node name="GrasLarge4" parent="." instance=ExtResource( 3 )]
transform = Transform( 0.6, 0, -1.03923, 0, 1.2, 0, 1.03923, 0, 0.6, 11.5, 0.1, 3.8 )

[node name="GrasLarge5" parent="." instance=ExtResource( 3 )]
transform = Transform( 0.6, 0, -1.03923, 0, 1.2, 0, 1.03923, 0, 0.6, 1, 0.1, 6.4 )

[node name="GrasHigh" parent="." instance=ExtResource( 2 )]
transform = Transform( 1, 0, 0, 0, 1, 0, 0, 0, 1, 10.2, 0, 3.2 )

[node name="GrasHigh2" parent="." instance=ExtResource( 2 )]
transform = Transform( 0.258819, 0, -0.965926, 0, 1, 0, 0.965926, 0, 0.258819, 4.8, 0, 7.1 )

[node name="GrasHigh8" parent="." instance=ExtResource( 2 )]
transform = Transform( -0.772741, 0, -0.207055, 0, 0.8, 0, 0.207055, 0, -0.772741, 5.3, 0, 7.8 )

[node name="GrasHigh9" parent="." instance=ExtResource( 2 )]
transform = Transform( -0.772741, 0, -0.207055, 0, 0.8, 0, 0.207055, 0, -0.772741, -9.6, 0, 4.1 )

[node name="GrasHigh10" parent="." instance=ExtResource( 2 )]
transform = Transform( -0.772741, 0, -0.207055, 0, 0.8, 0, 0.207055, 0, -0.772741, -8.7, 0, 4.5 )

[node name="GrasHigh4" parent="." instance=ExtResource( 2 )]
transform = Transform( -0.866025, 0, -0.5, 0, 1, 0, 0.5, 0, -0.866025, -0.200001, 0, 7.1 )

[node name="GrasHigh5" parent="." instance=ExtResource( 2 )]
transform = Transform( -0.866025, 0, -0.5, 0, 1, 0, 0.5, 0, -0.866025, 7.5, 0, 6.6 )

[node name="GrasHigh6" parent="." instance=ExtResource( 2 )]
transform = Transform( 0.258819, 0, -0.965926, 0, 1, 0, 0.965926, 0, 0.258819, 8.3, 0, 6.1 )

[node name="GrasHigh7" parent="." instance=ExtResource( 2 )]
transform = Transform( 0.258819, 0, -0.965926, 0, 1, 0, 0.965926, 0, 0.258819, 6.7, 0, 10.5 )
